 :
0.006071144751860382		0.0
A:
0.4568247134324053		3.0467222844410027
0.39158076382143575		3.4780971440099346
0.39295160666997336		2.951552325898162
0.3600482476917454		1.044774259468984
B:
0.5005091149378872		2.047196983630986
0.4531994340503292		3.5017961370221995
0.5354650148564791		2.048787142294293
0.45996649327096706		1.0
C:
0.6859189880193284		2.258079795401705
0.145750957109541		3.1567674635036442
0.5151536921276623		2.152535925704235
0.1295741307622719		1.0
D:
0.48917064291203904		2.18388722550637
0.24125430908728374		3.492888958725014
0.5425011076690359		2.2470957534845675
0.3326390101528254		1.0
E:
0.5756198145106385		2.2239481109989843
0.08496251890551508		3.4978889364931054
0.3573800983427682		2.425736783006266
0.15983819348467226		1.1247851412289567
F:
0.502015937238268		2.0900866371571696
0.4531954433957691		3.50329882650563
0.4848926728600685		1.9858507683334483
0.47006273412368527		1.0761391466918548
G:
0.4935602281313138		2.0148904221831576
0.41306988174509623		3.460914686581794
0.5424608752627383		1.9231280426116208
0.4211352448030016		1.0
H:
0.4910165921571002		2.081890646116142
0.40978119624250037		3.539914038601018
0.4749828939845973		2.053207863575521
0.4220597315184164		1.0
I:
0.6340558114214997		2.3283137017912665
0.14755957974418427		3.6703684060056547
0.4433624039255399		2.197285436286259
0.26124909628838755		1.0841623452319646
J:
0.5		2.0
0.5		3.5
0.5		2.0
0.5		1.0
K:
0.5		2.0
0.5		3.5
0.5		2.0
0.5		1.0
L:
0.37325132015951223		2.470478588067508
0.14619926382369833		3.7726491635284276
0.1627542817759156		2.327915710750003
0.2730016114709925		1.0619361835191543
M:
0.494895559750299		2.0761588023348265
0.40607478115540396		3.4720904419927834
0.4663934939933955		2.0761768890996395
0.4240158704518124		1.0166849488547292
N:
0.4835134898848264		2.005860983625942
0.45917227730421956		3.4892166741917716
0.465392760200392		2.0254766258176153
0.4538718285503125		1.0
O:
0.5862162892457756		2.185269327421844
0.3654708950817363		3.4666409455913265
0.5554792767081418		2.1535316224406755
0.3847263370529104		1.0
P:
0.46192721838199946		3.958874668192687
0.412538856106592		3.434740361197134
0.4983724578165467		2.0623396040205697
0.4360347727675806		1.0
Q:
0.49501162761777845		2.0639865162104547
0.4555227558177214		3.5072146632591057
0.4616337558635054		2.070646430535259
0.5392556853027513		1.2177032031615078
R:
0.5		2.0
0.5		3.5
0.5		2.0
0.5		1.0
S:
0.5309687337041404		2.199537259939104
0.2688568879117551		3.413319073564516
0.5749712406169087		2.2701595897943028
0.28801912326283197		1.0200422538328051
T:
0.45214037339621316		2.6086364248039673
0.35202364954445475		3.8771984204442305
0.34320726391022255		2.6400450773966657
0.4299736050721721		1.0
U:
0.5		2.0
0.5		3.5
0.5		2.0
0.5		1.0
V:
0.4733741289374494		2.6906654259405607
0.47178467763783133		2.9765629836226353
0.45469297357191696		2.668361726864793
0.4901749702873555		1.0608212128892212
W:
0.5		2.0
0.5		3.5
0.5		2.0
0.5		1.0
X:
0.5		2.0
0.5		3.5
0.5		2.0
0.5		1.0
Y:
0.5		2.0
0.5		3.5
0.5		2.0
0.5		1.0
Z:
0.5		2.0
0.5		3.5
0.5		2.0
0.5		1.0
a:
0.14889669856810372		3.0418094457934908
0.06151839047051254		3.3431864577624197
0.9278837838652538		2.201895539706645
0.07300788313229534		1.8984391511039198
b:
0.45719734832982717		2.111031247630106
0.17831939259946408		3.552395435548711
0.38178258307793733		2.406650090751766
0.2093642392260992		1.0
c:
0.25037745446311904		2.9655845010371897
0.2961524060837925		2.9411598044933775
0.3560123567294022		2.780128411914842
d:
0.7633192921501457		2.879381640926799
0.11269701548314648		3.0632030049014856
0.1835603028675442		3.9154357111927993
0.8546669345923501		2.3601574586269174
0.0020854109533732924		2.050404077937274
e:
0.3832951380346013		3.185782583545592
0.11694592676628168		3.259491804436575
0.15307528458738998		3.165749733742534
0.6170450224651903		2.2753498747699896
f:
0.40525343061222874		3.33044489537614
0.08682678939458549		2.738545171551148
g:
0.7957693257374153		3.093067745488612
0.10358491010349426		3.463608017915896
0.09303804587966266		3.333331086465617
0.7087100791042393		2.689750847170284
0.00585627570979104		2.031609001611049
h:
0.5874204141666652		2.709576146286952
0.09692641083300009		3.727968649934329
0.2538082915581376		2.1411855063935494
0.037214126345411935		3.344864226826382
0.15845055750599232		1.8757729957571199
i:
0.8301265253171124		3.1183398422903164
0.02991586737104064		3.473023173921072
0.9498897421580167		2.175070204129108
0.06905292159744407		1.8239495017844876
j:
0.5		2.0
0.5		3.5
0.5		2.0
0.5		1.0
k:
0.5		2.0
0.5		3.5
0.5		2.0
0.5		1.0
l:
0.6043704920650974		2.864663913449177
0.05729282184321042		3.703018238504561
0.9089412357008007		2.1894340650999666
0.020669369471561342		1.7385444146547915
m:
0.16081735394704075		3.325128668005166
0.13952718063958103		2.460116621223371
0.1169311004651352		3.404451032075457
0.1808766042182758		2.6261864446388676
0.11975753951956503		3.372146418264652
0.7180236517565843		2.034871661203629
0.06367319236727834		1.1900896315506266
n:
0.10743854899544812		3.329744208193401
0.17017129416006524		2.6171242780697277
0.08000329948802298		3.3575507727470266
0.9590766964468673		2.161176922797693
0.05079315474767508		1.8467836593938758
o:
0.04142446419756577		2.9496836506883426
0.30020517824520526		3.148088541894298
0.3145331536290872		3.0128322692287166
0.015270697860781961		2.3230479901527716
p:
0.6043268953930367		2.8949585940831883
0.0111071227584059		3.7713234718764572
0.12603920347763903		3.0269789843230757
0.21040062646377466		1.658196628653429
q:
0.31856529824939833		3.0533472097269474
0.03550808263994657		3.8569698967323194
0.7951016017289858		2.0680281693336724
0.07534951673773257		1.7631747954389039
r:
0.9031251179446171		2.8955086491521893
0.00464261666180408		3.29382072128696
0.30328957614366914		2.7074429441908703
0.4870966784395589		2.4576719772436917
0.04830380008006146		2.294640826071736
s:
0.2259076131386093		3.1345246727142735
0.0395113614416588		3.3746082182932566
0.7905758972827535		2.677750807937436
0.9713639133862441		1.2913996285336276
t:
0.28958815828395296		3.588663487360435
0.16769990908039367		3.6029613131295215
0.22964105225183198		2.856542523974388
0.5524768563034216		2.3021120982837653
u:
0.1313917356586935		3.2743475875337986
0.17473231378643675		2.1818048789382933
0.059140307067927354		3.3363527075203137
0.21805275322418569		2.052041993147352
v:
0.4289596950519269		2.661498567371132
0.04210059962224738		3.1597113002305877
0.27043992716472925		2.304331354501527
0.1090280835768688		1.4369951400824985
w:
0.5		2.0
0.5		3.5
0.5		2.0
0.5		1.0
x:
0.3559895895852646		3.175815147376088
0.25341244806768093		3.264221282898629
0.26279543239828396		2.9416084327452063
0.7632669199776637		1.8293917890633584
y:
0.26162124417083116		3.301277818772789
0.16220278703860483		3.357658890934101
0.18859366802216795		2.4648496869563
0.4531526357984491		1.878695199077835
z:
0.502043377178752		2.662743451516562
0.06832470380971781		3.0894899607037996
0.5956569058670412		2.3843825945780357
0.5395684493215968		1.0770457501869335
0:
0.5		2.0
0.5		3.5
0.5		2.0
0.5		1.0
1:
0.5		2.0
0.5		3.5
0.5		2.0
0.5		1.0
2:
0.5		2.0
0.5		3.5
0.5		2.0
0.5		1.0
3.5:
0.5		2.0
0.5		3.5
0.5		2.0
0.5		1.0
4:
0.5		2.0
0.5		3.5
0.5		2.0
0.5		1.0
5:
0.5		2.0
0.5		3.5
0.5		2.0
0.5		1.0
6:
0.5		2.0
0.5		3.5
0.5		2.0
0.5		1.0
7:
0.5		2.0
0.5		3.5
0.5		2.0
0.5		1.0
8:
0.5		2.0
0.5		3.5
0.5		2.0
0.5		1.0
9:
0.5		2.0
0.5		3.5
0.5		2.0
0.5		1.0
,:
0.5432805427626988		2.61386703243033
0.06307980331135205		2.955144000484804
0.32610926244217175		2.7892807653885723
0.5247777505863683		1.8099238443891
.:
0.4228624592409653		2.665153469185923
0.274380253414045		2.802870549953209
0.3639542918660436		2.620590987800702
0.5815626726261018		1.9415383596797042
::
0.43548646242531425		2.0900626293911664
0.37979196460045467		3.3995011438772837
0.49447968751765276		2.1135615606496314
0.4620949543792835		1.0794704235038102
ã:
0.39840023754847603		3.172157641373707
0.3149216465629197		3.4484664147730064
0.5292646914365366		2.401230495191505
0.364103168820349		1.7992513606284837
ẽ:
0.4383674244995746		3.1453344039039846
0.3306639057204528		3.321425865669587
0.3767223235098719		3.170422678954958
0.3058267126682455		1.6783799383870264
ĩ:
0.4995463407322792		2.692812757880001
0.499022893528347		3.681085637163075
0.5000028212680694		2.2277553913818062
0.4990531061239431		1.4923054371829536
õ:
0.393438790971972		3.0383779546239595
0.20080880133281465		3.2697792652921205
0.29097223140289974		3.1839047671108114
0.2803531099067265		1.570605019409951
ṹ:
0.4990346645922847		3.3769678256851723
0.49923274130498396		2.2155743720361163
0.49903913268154887		3.418564715853636
0.49936369461625646		1.6018652704173215
ũ:
0.4990346645922847		3.3769678256851723
0.49923274130498396		2.2155743720361163
0.49903913268154887		3.418564715853636
0.49936369461625646		1.6018652704173215
➽:
0.5507959843988128		1.3828599604423757
0.5489238407437325		3.1960514955888057
0.5490475904087251		1.8613516304162732
0.5491044136151338		3.880806289717349
0.5445959204750853		1.0
❧:
0.6228506080727528		1.3065630098396597
0.3314118686762464		3.2457090357189116
0.3483424706968694		2.12815745082345
0.33735536443812836		3.826089404478185
0.4175227014327317		1.1705241219085691
ſ:
0.793064362289062		2.9374678406502945
0.020850739681561994		3.5282930840505164
0.39378418703405393		2.601105508564819
&:
0.6070536228650774		2.8504704891832926
0.059890646499205356		3.413638462886862
0.10859526611700061		3.404603754049164
0.0805335945540453		3.149635843331086
0.35004101352826095		2.6188042200428914
0.8950848471495192		1.7134168033164383
ꝗ:
0.4967277250402892		2.9171797147483054
0.4569153833583419		3.936326483353714
0.49272679544823134		2.068919874629593
0.5334933282071029		1.4071170614386463
q̃:
0.4988544649931145		2.887579400466892
0.49901774766157847		3.9306302246544873
0.49965760652303076		2.0399579887046957
0.499129942744174		1.4251985293703633
ꝯ:
0.4988544649931145		2.887579400466892
0.49901774766157847		3.9306302246544873
0.49965760652303076		2.0399579887046957
0.499129942744174		1.4251985293703633
p̃:
0.4992779226484915		2.685899961309781
0.4990153186770567		3.910312815819423
0.49887980566495205		3.104090693655346
0.4991451896820916		1.0
ꝓ:
0.49488901589998135		2.7479011003127165
0.4229230120612081		3.9058026662163927
0.4122062509289141		3.1068118475151065
0.46308850091285164		1.0
ꝑ:
0.4992779226484915		2.685899961309781
0.4990153186770567		3.910312815819423
0.49887980566495205		3.104090693655346
0.4991451896820916		1.0
-:
0.3090071110801404		2.5784124415866656
0.18490379512400446		2.7824909815104535
0.3269336791460078		2.657949209669
0.5		1.0
̃:
0.5873451026100314		1.2104138999146952
0.5909734627818424		1.6527878306624444
0.5822563190128177		2.3519461694099912
0.5905717856378425		1.4919802474853154
0.5540746191905904		1.0
